user_id	H	SD	SH	PD	type_player_numerical
2	0.6767	0.0100	0.0100	0.0100	0.6667
3	1.0100	1.0100	0.8100	1.0100	0.3334
4	1.0100	0.6767	0.3433	0.3433	0.3334
5	1.0100	0.2600	1.0100		
6	0.5100	0.0100	0.2100	0.5100	1.0001
7	0.5100	0.0100	0.0100	0.0100	0.6667
8	1.0100	0.3433	0.6767	0.5100	0.3334
9	0.7600	0.2600	0.0100	0.0100	0.6667
10	1.0100	0.2600	0.5100	0.0100	0.0001
11	0.7600	0.2100	0.0100	1.0100	1.0001
18	0.6100		0.3433		
19	1.0100	0.5100	1.0100	0.2600	0.3334
20	1.0100	0.5100	0.6767	0.5100	0.3334
22		0.0100	0.0100	0.0100	
23	1.0100	0.5100	1.0100	0.2600	0.3334
24	1.0100	0.5100	0.2600	0.0100	0.0001
25	1.0100	0.5100	1.0100	0.2600	0.3334
26	0.5100	0.0100	0.0100		
27	0.6767	0.0100	1.0100	0.5100	1.0001
28	1.0100	0.8671	1.0100	1.0100	0.3334
29	1.0100	0.2600	0.7600	0.5100	0.3334
30	0.6767	0.0100	0.0100	0.5100	1.0001
31	1.0100	1.0100	0.3433	0.0100	0.0001
32	1.0100	1.0100	1.0100	0.5100	0.3334
33	1.0100	1.0100	0.6767	0.0100	0.0001
34	1.0100	0.5100	0.6767	0.0100	0.0001
35	1.0100	0.8100	0.3433	0.2600	0.3334
37	1.0100	0.6100	0.0100	0.4100	0.3334
38	0.5100	0.5100	0.0100	0.0100	0.6667
40	1.0100	0.5100	0.2100	0.3433	0.3334
41	0.8100	0.5100	0.5100	0.0100	0.6667
42	0.6767	0.5100	0.0100	0.2600	1.0001
43	0.7243	0.0100	0.5100	0.0100	0.6667
45	1.0100	0.6767	0.8100	0.6767	0.3334
47	1.0100	0.5100	0.7600	0.0100	0.0001
48	1.0100	1.0100	0.5100	0.0100	0.0001
49	0.5100	1.0100	0.6767	0.5100	1.0001
51	1.0100	0.6767	0.7600	0.5100	0.3334
52	1.0100	0.2600	0.6767	1.0100	0.3334
53	1.0100	1.0100	0.0100	0.3433	0.3334
54	0.7600	0.0100	0.1767	0.0100	0.6667
55	0.8433		0.2100	0.0100	0.6667
56	0.7600	1.0100	0.0100	0.0100	0.6667
57	1.0100	0.0100	0.8100	0.2600	0.3334
58	1.0100	0.0100	0.4100	1.0100	0.3334
59	1.0100		0.0100	0.4386	0.3334
60	1.0100	0.0100	0.8671	0.5100	0.3334
61	0.6767	1.0100	0.4100	1.0100	1.0001
62	1.0100	0.0100	0.3433	0.0100	0.0001
63	1.0100	0.5100	0.5100	0.0100	0.0001
64		0.7600	0.6100	0.3433	
65	0.6767		0.2100	0.5100	1.0001
66	0.0100	1.0100	1.0100	0.4100	1.0001
67	0.5100	1.0100	1.0100	1.0100	1.0001
68		0.6100	1.0100	0.6767	
69	1.0100	0.0100	0.0100	0.0100	0.0001
70	1.0100		0.7243	1.0100	0.3334
71	0.8100	0.4100	0.0100	0.0100	0.6667
72	0.6767	0.0100	1.0100	1.0100	1.0001
73	0.3433	1.0100	1.0100	0.8100	1.0001
74	1.0100	0.0100	0.0100	0.0100	0.0001
75	0.5100	1.0100	0.6767	0.3433	1.0001
76	0.6767	1.0100	1.0100	0.4100	1.0001
77	1.0100	0.0100	0.0100	0.0100	0.0001
78	0.8850	0.0100	0.0100	0.0100	0.6667
79	1.0100	0.0100	0.0100	0.0100	0.0001
80	1.0100	0.5100	0.7600	0.0100	0.0001
81	1.0100	0.0100	0.6767	0.6100	0.3334
82	0.0100	0.0100	0.2100	0.5100	1.0001
83	0.7600	1.0100	0.6767	1.0100	1.0001
84	1.0100	0.0100	0.2100	0.5100	0.3334
85	1.0100	0.0100	0.0100	0.0100	0.0001
86	0.6100	0.2600	0.2100	0.3433	1.0001
87	0.6767	0.2600	0.0100	0.3433	1.0001
88	0.6767	0.2600	0.5100	0.3433	1.0001
89	1.0100	0.5100	1.0100	1.0100	0.3334
90	1.0100	1.0100	1.0100	1.0100	0.3334
91	1.0100	0.0100	0.0100	0.0100	0.0001
92	1.0100	0.0100	0.6100	0.2600	0.3334
93	0.8100	0.0100	0.0100	0.0100	0.6667
95	0.7600	0.5100	1.0100	0.3433	1.0001
96	1.0100	0.2957	0.5100	0.2600	0.3334
97	1.0100	0.3433	0.6767	0.5100	0.3334
98	0.5100	0.2100	0.0100	0.2100	1.0001
99	0.5100	0.6767	1.0100	0.2100	1.0001
100	0.6767	0.0100	0.0100	0.0100	0.6667
101	1.0100	0.6767	0.2600	0.3433	0.3334
102	1.0100	0.0100	0.4100	0.3850	0.3334
103	1.0100	0.0100	0.2100	0.0100	0.0001
104	1.0100	0.2600	0.0100	0.0100	0.0001
105	1.0100	0.2600	0.2600	0.2100	0.3334
106	1.0100	0.6767	0.2600	0.2957	0.3334
107	0.0100	0.3433	0.3433	0.3433	1.0001
108	0.7600	0.4100	1.0100	0.3433	1.0001
109	0.6767	0.6767	0.4100	0.0100	0.6667
110	1.0100	0.2600	0.0100		
111	0.5100	0.7600	1.0100	0.1767	1.0001
112	1.0100	0.0100	0.5100	0.5100	0.3334
113	1.0100		0.2957	0.3433	0.3334
114	1.0100	0.0100	0.3433	0.8433	0.3334
115	1.0100	0.0100	0.2600	0.0100	0.0001
116	0.5100	0.3433	0.6100	0.0100	0.6667
117	1.0100	0.4100	1.0100	0.3433	0.3334
118	0.6100	0.3433	0.7600	0.0100	0.6667
119	1.0100	0.5100	1.0100	0.5100	0.3334
120	1.0100	0.0100	0.1350	0.0100	0.0001
121	1.0100	0.0100	0.2100	0.0100	0.0001
122	0.6100	0.0100	0.5100	0.0100	0.6667
123	0.8100	1.0100	0.7600	0.4100	1.0001
124	1.0100	0.0100	0.4100	0.6767	0.3334
125	1.0100	0.3433	0.8100	0.2600	0.3334
126	1.0100	0.8100	1.0100	0.0100	0.0001
127	0.7600	1.0100	1.0100	0.6767	1.0001
128	0.0100	0.6100	0.5100	0.4100	1.0001
129	0.5100	0.0100	0.5100	1.0100	1.0001
130	1.0100	0.4100		0.5100	0.3334
131	1.0100	0.7600	1.0100	0.5100	0.3334
132	0.5100	0.0100	0.0100		
133		0.5100	1.0100	0.8100	
134	1.0100	0.3433		0.0100	0.0001
135	0.0100	0.2600	0.0100	0.0100	0.6667
136	0.4100	0.5100	0.0100	0.0100	0.6667
137	0.8100	0.6767	1.0100	0.0100	0.6667
138	0.7243	0.0100	0.0100	0.0100	0.6667
139	0.8433	0.0100	0.0100	0.0100	0.6667
140	0.5100	0.2600	0.2100	0.0100	0.6667
141		0.2600	0.2100	0.0100	
142			0.3433	0.1529	
143	0.7600	0.6100	1.0100	0.5100	1.0001
144	0.8433	0.3433	0.0100	0.0100	0.6667
145				0.2100	
146	1.0100	1.0100	0.7600	0.3433	0.3334
147		0.6767	0.3433	0.8100	
148	1.0100	1.0100	0.5100	0.4100	0.3334
149	0.5100	0.0100	0.1767	0.1767	1.0001
150	1.0100	0.5100	0.5100	0.7600	0.3334
151	0.0100	0.5100	0.6767	0.5100	1.0001
152	1.0100	0.0100	0.0100	0.0100	0.0001
153	0.5100	1.0100	0.2600	0.2600	1.0001
154	1.0100	0.5100	0.0100	0.0100	0.0001
155	0.8433	0.0100	1.0100	0.0100	0.6667
156	0.5100	0.0100	0.0100	0.2100	1.0001
157	1.0100	0.5100	0.5100	0.3433	0.3334
158	1.0100	0.0100	0.0100	0.0100	0.0001
159	0.1767	0.5100	0.6767	0.2100	1.0001
160	0.8433	0.6767	1.0100	1.0100	1.0001
161	1.0100	0.5100	0.0100	0.3850	0.3334
162		0.6767	0.8100	1.0100	
163	1.0100	0.6100	0.5100	0.4386	0.3334
164	1.0100	0.5100	0.4100	0.0100	0.0001
165	0.6350	0.0100	0.0100	1.0100	1.0001
166	1.0100	0.5100	0.6767	0.0100	0.0001
168		0.0100		0.0100	
169	0.5100	0.5100	0.7600	0.5100	1.0001
170	0.8671	0.0100	1.0100	0.0100	0.6667
171	0.5100	0.4544	0.0100	0.0100	0.6667
172	0.6767	0.2100	0.6767	0.0100	0.6667
173	0.2600	0.0100	0.3433	0.5100	1.0001
174	0.7600	0.3433	0.3433	0.0100	0.6667
175	0.8100	0.2600	1.0100		
176	1.0100	0.6767	1.0100	0.2600	0.3334
177	0.7600	0.4100	0.6767	0.3433	1.0001
178	1.0100	0.0100	1.0100	0.1767	0.3334
179	0.5100	0.0100	0.0100	0.0100	0.6667
180	1.0100	1.0100	0.0100	0.0100	0.0001
181	0.6767	0.1767	0.3433	0.3433	1.0001
186	1.0100	1.0100	1.0100	0.3433	0.3334
187	0.5100	0.3433	0.2600	0.0100	0.6667
188	1.0100	0.5100	1.0100	0.6767	0.3334
190	1.0100	0.4100	0.0100	0.0100	0.0001
191	1.0100	0.6767	0.5100	0.5100	0.3334
192	1.0100		1.0100	0.7243	0.3334
193	1.0100	1.0100	1.0100	0.2100	0.3334
194	1.0100	1.0100	0.0100		
195	1.0100	0.0100	1.0100	0.8671	0.3334
196	1.0100	1.0100	1.0100	1.0100	0.3334
197	1.0100	0.6767	0.7600	0.2600	0.3334
198	1.0100	1.0100	0.6100	0.0100	0.0001
199	1.0100	1.0100	1.0100	0.5100	0.3334
200	1.0100	1.0100	1.0100	1.0100	0.3334
201	1.0100	0.6100	1.0100	0.0100	0.0001
202	1.0100	0.0100	0.4100	0.2600	0.3334
203	1.0100	0.5100	0.0100	0.0100	0.0001
204	1.0100	0.6767	0.5100	0.0100	0.0001
205	1.0100	1.0100	0.0100	0.0100	0.0001
206		0.0100	0.4100	0.0100	
207	1.0100	0.5100	1.0100	0.0100	0.0001
208	1.0100	0.6767	1.0100	0.5100	0.3334
209	1.0100	1.0100	0.2600	0.0100	0.0001
210	1.0100	0.3433	0.2600	0.0100	0.0001
211	1.0100	0.3433	0.6100	0.0100	0.0001
212	1.0100	0.8433	1.0100	1.0100	0.3334
213	1.0100	1.0100	0.8100	1.0100	0.3334
214	1.0100	0.6100	0.4100	0.0100	0.0001
215	0.7600	0.0100	0.3433	0.0100	0.6667
216	1.0100	1.0100	0.6767	0.3433	0.3334
217	0.7600	0.5100	0.5100	0.0100	0.6667
218	0.3433	0.3433	0.0100	0.7600	1.0001
219		0.8433	0.5100	0.6767	
220	1.0100	0.4100	1.0100	0.5100	0.3334
221	1.0100	1.0100	0.5100	0.1767	0.3334
222	0.6767	0.0100	0.3433	0.0100	0.6667
223	0.0100	0.7600	0.6767	0.4100	1.0001
224	0.0100	0.0100	0.0100	0.0100	0.6667
225	0.6767	0.0100	0.0100	0.0100	0.6667
226	1.0100	0.5100	0.2600	0.1529	0.3334
227	0.5100	0.0100	0.5100	0.8100	1.0001
228	1.0100	0.0100	0.5100	0.4100	0.3334
229	1.0100	0.3433	0.0100	0.0100	0.0001
230	1.0100	0.2100	0.3433	0.0100	0.0001
231	0.8671	0.2600		0.0100	0.6667
232	0.0100	0.5100	0.3433	0.0100	0.6667
233	1.0100	0.5100		0.0100	0.0001
234	0.6767	0.6767		0.3433	1.0001
235	0.6100	0.0100	0.6100	0.5100	1.0001
236	0.8433	0.5100	1.0100		
237	0.6100	0.0100	0.5100	0.0100	0.6667
238	1.0100	0.8433	0.0100	0.0100	0.0001
239	1.0100	0.2100	0.5100		
240	1.0100	0.2600	0.2600	0.3433	0.3334
241	0.3433	0.0100	1.0100	0.0100	0.6667
242	1.0100	0.0100	0.2100	0.0100	0.0001
245	0.6100	0.0100		0.0100	0.6667
246	1.0100	0.0100	0.3433	0.0100	0.0001
247	1.0100	0.0100	0.0100	0.0100	0.0001
248			0.3433	0.1767	
249	0.8100		1.0100	0.0100	0.6667
250	1.0100	1.0100	0.0100	0.0100	0.0001
251	1.0100	0.0100	0.3433	1.0100	0.3334
252	1.0100		0.6767	0.4100	0.3334
253	1.0100	0.0100	0.5100	0.0100	0.0001
254	1.0100	0.6767	0.5100	0.0100	0.0001
255	1.0100	1.0100	0.3433	0.5100	0.3334
256	0.7600	0.0100	0.0100	0.0100	0.6667
257	0.6100		0.0100	0.5100	1.0001
258	1.0100	0.5100	0.0100	0.3433	0.3334
259	1.0100	0.2600	0.0100	0.0100	0.0001
261	1.0100	1.0100	1.0100	1.0100	0.3334
263		0.0100	0.0100	0.0100	
266	0.8100	0.0100	0.2600	0.0100	0.6667
270	1.0100	0.6100	0.2600	0.0100	0.0001
272	1.0100	1.0100	0.8100	0.3433	0.3334
275	1.0100	0.0100	0.0100	0.0100	0.0001
276	1.0100	0.0100	0.3433	0.2600	0.3334
277	1.0100	0.5100	0.6767	1.0100	0.3334
278	0.3433	0.3433	0.0100	0.0100	0.6667
279	1.0100	0.2600	0.0100	0.0100	0.0001
280	1.0100	0.8100	1.0100	1.0100	0.3334
281	1.0100	0.0100	0.2600	0.0100	0.0001
282	1.0100	0.0100	0.0100	0.0100	0.0001
283		0.0100	0.0100	0.3433	
284	1.0100	0.6100	0.0100	0.0100	0.0001
285	1.0100	0.8100	0.3433	1.0100	0.3334
286	0.5100	0.0100	0.6767	0.0100	0.6667
287	1.0100	1.0100	0.2600	0.3433	0.3334
288	0.6767	0.5100	0.0100	0.6767	1.0001
289	1.0100	0.0100	0.0100	0.3433	0.3334
290		0.0100	0.0100	0.2600	
291	1.0100	0.0100	0.0100	0.0100	0.0001
292	1.0100	0.7600	0.5100	0.0100	0.0001
293	0.6767	0.0100	0.0100	0.0100	0.6667
294	0.6767		0.7600	0.0100	0.6667
295	1.0100		0.5100	0.0100	0.0001
296	1.0100	0.0100	0.0100		
297	1.0100	0.3433	0.7600	1.0100	0.3334
298	0.7600	0.0100	0.7600	0.0100	0.6667
299	1.0100	1.0100	0.6767	0.3433	0.3334
300	1.0100	0.0100	0.2600	0.0100	0.0001
301	0.6767	0.2100		0.0100	0.6667
302	1.0100	0.5100	0.2600	0.0100	0.0001
303	1.0100		0.3433	0.6100	0.3334
304	1.0100	0.0100	0.2600	0.0100	0.0001
305	1.0100	0.7600	0.3433	0.3433	0.3334
306	0.5100	0.5100	0.5100	0.0100	0.6667
307	1.0100	0.0100	0.6100		
308	0.6767	0.0100	0.0100	0.0100	0.6667
309	0.7243	0.2600		0.0100	0.6667
310	1.0100	0.0100	0.2600	0.0100	0.0001
311	0.8671	0.6767	0.0100	0.0100	0.6667
312	1.0100	0.6100	0.7600	0.0100	0.0001
313	1.0100	0.2100	0.3433	0.2100	0.3334
314	0.8100	0.5100	0.8433	0.0100	0.6667
315	1.0100	0.6767	0.2600	0.0100	0.0001
316	1.0100	0.3433	0.0100	0.0100	0.0001
317	1.0100	1.0100	0.2600	0.5100	0.3334
318	1.0100	0.4544	0.6767	1.0100	0.3334
319	1.0100	0.0100			
320	0.2100	0.6767	1.0100	1.0100	1.0001
321	1.0100	0.0100	0.6767	0.4100	0.3334
322	0.3433	0.5100	0.6767	0.0100	0.6667
323	1.0100	0.0100	0.8433	0.2600	0.3334
324	0.6767	0.0100	0.6767	0.2600	1.0001
325	1.0100	0.4100	0.3433	0.0100	0.0001
326	1.0100	0.6767	0.0100	0.0100	0.0001
327	0.3433	1.0100	0.3433		
328	0.6767	0.0100	0.2600	0.0100	0.6667
329	1.0100	0.0100	0.6767	0.3433	0.3334
330	0.8100	0.0100	0.0100	0.0100	0.6667
331	0.7243	0.0100	0.0100	0.0100	0.6667
332	1.0100	0.2600	1.0100	0.0100	0.0001
333	1.0100	0.5100	0.5100	0.3433	0.3334
334	0.8671	0.6767	0.3433	0.0100	0.6667
335	0.7600	0.0100	0.5100	0.5100	1.0001
336	0.6767	0.0100	0.0100	0.0100	0.6667
337	0.2600	0.6100	0.0100	0.3433	1.0001
338	1.0100	0.4386	0.2600	1.0100	0.3334
339	1.0100	0.0100	1.0100	0.0100	0.0001
340	1.0100	0.7600	0.0100	0.0100	0.0001
341	0.6767	0.0100	0.2600	1.0100	1.0001
342	1.0100	0.5100	0.0100	0.4100	0.3334
343	0.6767	0.0100	0.0100	0.0100	0.6667
344	0.0100	0.0100	0.5100	0.0100	0.6667
345	0.6767	0.6767	0.0100	0.2100	1.0001
346	0.5100	0.0100	0.2600	0.0100	0.6667
347	0.3433	0.0100	0.0100	0.0100	0.6667
348	1.0100	0.3433	0.4100	0.0100	0.0001
349	1.0100	0.2100	0.6767	0.0100	0.0001
350	1.0100	0.0100	0.0100	0.0100	0.0001
351	1.0100	0.6100	0.2600	0.0100	0.0001
352	1.0100	0.5100	0.7600	0.0100	0.0001
353	1.0100	0.5100	0.0100	0.0100	0.0001
354	1.0100	1.0100	1.0100	0.6767	0.3334
355	1.0100	1.0100	1.0100	0.0100	0.0001
356	1.0100	0.7600	0.6767	0.3433	0.3334
357	1.0100	1.0100	0.2600		
358	0.3433	1.0100	0.5100	0.0100	0.6667
359	0.7600	1.0100	0.0100	0.0100	0.6667
360	0.0100	0.1767	0.0100	0.1767	1.0001
361	1.0100		0.3433	0.0100	0.0001
362	0.5100	0.2600	0.0100	0.3433	1.0001
363	0.0100	0.0100	0.3433	1.0100	1.0001
365	0.5100	0.0100	0.0100	0.0100	0.6667
366	0.3433	0.0100	0.5100	0.8100	1.0001
367	1.0100	0.2100	0.2600	0.2600	0.3334
368	0.6767	0.0100	0.5100	0.0100	0.6667
369	1.0100	0.0100	1.0100	0.0100	0.0001
370	1.0100	1.0100	1.0100	0.6767	0.3334
371	0.7600		0.2100	0.0100	0.6667
372	1.0100	0.0100	0.0100	0.0100	0.0001
373	1.0100	0.0100	0.0100	0.0100	0.0001
374	1.0100	0.5100	0.7600	0.0100	0.0001
375	1.0100	0.0100	0.0100	0.0100	0.0001
376	0.8100	0.0100	0.5100	0.0100	0.6667
377	0.3433	0.0100	0.0100	0.0100	0.6667
378	1.0100	0.0100	0.0100	0.0100	0.0001
379	1.0100	0.6767	0.3433	0.3433	0.3334
380	0.7600	0.3433	0.5100	0.2100	1.0001
381	0.5100	0.4100	0.3433	0.5100	1.0001
382	1.0100	0.0100	0.0100	0.0100	0.0001
383	1.0100	1.0100	0.6100	0.3433	0.3334
384	0.7600	0.7600	1.0100	1.0100	1.0001
385	1.0100	0.5100	0.5100	0.0100	0.0001
387	0.6767	0.0100		0.4100	1.0001
388	1.0100	1.0100	1.0100	0.5100	0.3334
389	1.0100	0.3433	1.0100	0.6767	0.3334
390	0.6767	0.0100	0.5100	0.0100	0.6667
391	1.0100	0.6767	0.6100	0.0100	0.0001
392	1.0100	0.5100	1.0100	0.3433	0.3334
393	1.0100	0.1767	0.2600	0.2600	0.3334
394	0.6767	0.0100	0.7600	0.0100	0.6667
395	1.0100	0.0100	0.7600	0.6767	0.3334
396	0.5100	0.0100	0.2600	0.0100	0.6667
397	1.0100	0.7600	0.2600	0.0100	0.0001
398	1.0100	0.6100	0.5100	0.0100	0.0001
399	0.0100	0.5100	0.0100		
400	0.7600	0.0100	0.0100	0.0100	0.6667
401	1.0100	0.3433	0.5100	0.0100	0.0001
402	0.3433	0.2100	1.0100	0.0100	0.6667
403	0.3433	0.4100	0.5100	1.0100	1.0001
404	1.0100	0.8100	0.3433	1.0100	0.3334
405	0.7600	0.0100	0.4100	0.0100	0.6667
406	1.0100	0.0100	0.5100	0.0100	0.0001
407	0.6767	0.0100	0.0100	0.4100	1.0001
408		0.6767	0.5100	0.6767	
409	1.0100	0.0100	0.8671	0.5100	0.3334
410	0.7600		0.2957	0.0100	0.6667
411	1.0100	0.3433	0.0100	0.0100	0.0001
412	1.0100	0.0100	0.3433	0.5100	0.3334
413	0.6767	0.5100	0.4100	1.0100	1.0001
414	0.8850	0.0100	0.0100	0.3433	1.0001
415	0.7600	0.5100	0.0100	0.5100	1.0001
416	1.0100	0.0100	0.2100	0.7600	0.3334
417	0.7600	1.0100	0.6100	0.0100	0.6667
418	0.5100	0.7600	1.0100	0.0100	0.6667
419	1.0100	0.6767	0.5100		
420	0.3433	0.0100	0.5100	0.5100	1.0001
421	1.0100	0.3433	0.0100	0.0100	0.0001
422	1.0100	0.7243		0.0100	0.0001
423	0.7600	0.0100	0.0100	0.0100	0.6667
424	1.0100	0.0100	1.0100	0.0100	0.0001
425	0.8671	0.0100	0.4100	0.0100	0.6667
426	0.5100	0.4100	0.2100	0.6767	1.0001
427	1.0100	1.0100	0.5100	0.0100	0.0001
428	1.0100	1.0100	0.7600	0.4386	0.3334
429	1.0100	0.5100	1.0100	0.2100	0.3334
431	0.6767	0.6767	0.3433	0.2600	1.0001
432	0.7600	1.0100	0.7600	0.8100	1.0001
434	0.8100	1.0100	0.5100	0.2600	1.0001
435	1.0100	0.0100		0.0100	0.0001
436	1.0100	0.3433	0.7600	1.0100	0.3334
437	1.0100	0.3433	1.0100	0.6767	0.3334
438	0.3433	0.3433	0.3433		
439	1.0100	1.0100	1.0100	1.0100	0.3334
440	1.0100	0.6767	0.4100	0.6767	0.3334
441	0.8100	0.4100	0.5100	1.0100	1.0001
442	1.0100	0.2600	0.0100	0.0100	0.0001
443	0.7600	0.0100	0.0100	0.0100	0.6667
444	1.0100	1.0100	1.0100	0.7600	0.3334
445	1.0100	0.0100	1.0100	0.4100	0.3334
446	0.3433	0.6767	0.3433	0.6100	1.0001
447	1.0100	0.6767	1.0100	0.6767	0.3334
448	1.0100	0.3433	1.0100	0.0100	0.0001
449	1.0100	0.3433	0.0100	0.0100	0.0001
450	0.7600	0.0100	0.0100	0.0100	0.6667
452	1.0100	0.5100	0.3433	0.0100	0.0001
453	1.0100	0.6767	1.0100		
454	0.7600	0.5100	0.3433	1.0100	1.0001
455	0.7600	0.5100	0.3433	0.0100	0.6667
456	0.5100	0.7600	0.8100	0.5100	1.0001
457	1.0100	0.2600	1.0100	0.2600	0.3334
458	0.2100	0.6767	0.3433	0.5100	1.0001
459	1.0100	0.6767	0.4100		
460	1.0100	1.0100	1.0100	1.0100	0.3334
461	1.0100	0.0100	0.2600	0.0100	0.0001
462	0.5100	0.0100	0.6767	0.5100	1.0001
463	1.0100	0.5814	1.0100	0.0100	0.0001
464	0.6767	0.5100	0.0100	0.3433	1.0001
465	0.0100	0.5100	1.0100	0.6767	1.0001
466	1.0100	0.0100	0.3433	0.7600	0.3334
467	1.0100	0.4100	1.0100	0.0100	0.0001
468	0.5100	0.2600	0.0100		
469	0.7600	1.0100	0.5100	0.6100	1.0001
470	0.3433	0.2600	0.5100	1.0100	1.0001
471	1.0100	0.6767	0.6350	0.0100	0.0001
472	1.0100	0.5100	0.0100	0.5814	0.3334
473	0.5656	0.6100		1.0100	1.0001
474	0.3433	0.0100	0.0100	0.0100	0.6667
475	1.0100	0.2600	0.0100	0.0100	0.0001
476	0.7600	0.0100	0.2600	0.0100	0.6667
477	0.8100	0.4100	0.5100	0.0100	0.6667
478	0.8671	0.0100	0.0100	0.2600	1.0001
479	0.3433	0.0100	0.7600	0.5100	1.0001
480	1.0100	0.5100	0.3433	0.0100	0.0001
481		0.5100	1.0100	0.2600	
482	0.6100	0.2100	1.0100	1.0100	1.0001
483		0.3433	0.2957	0.0100	
484		0.0100	0.0100	0.0100	
485	0.6767	0.0100	0.5100	0.2600	1.0001
486	1.0100	0.5100	1.0100	0.3433	0.3334
487	1.0100	0.7600	0.5100	0.2600	0.3334
488	0.5100	0.0100	0.0100	0.0100	0.6667
489	1.0100	0.3433	1.0100	0.0100	0.0001
490	1.0100	0.5100	1.0100	0.8100	0.3334
491	1.0100	0.3433	0.0100	0.0100	0.0001
492	1.0100	0.5100	0.7600	1.0100	0.3334
493	1.0100	0.0100	0.6767	0.0100	0.0001
494	0.5100	1.0100	0.3433	1.0100	1.0001
495	0.0100	0.5100	0.7600	0.5100	1.0001
496	1.0100	0.7600	1.0100	0.5100	0.3334
497	1.0100	1.0100	0.6100	0.0100	0.0001
498	0.6767	0.4100	0.6767	0.3433	1.0001
499	1.0100	0.2600	0.0100	0.0100	0.0001
500		0.0100	0.8433	0.2100	
501	1.0100	0.8100	1.0100	0.8100	0.3334
502	0.8433	0.3433	1.0100	0.0100	0.6667
503	0.7600	0.4100	0.4100	0.3433	1.0001
504	1.0100	1.0100	1.0100	1.0100	0.3334
505	0.5100	0.0100	0.0100	0.5100	1.0001
506	0.5100	0.6767	0.0100	0.5100	1.0001
507	1.0100	0.8100	1.0100	0.6767	0.3334
508	1.0100	0.5100	1.0100	0.0100	0.0001
509	1.0100	0.6767	0.5100	0.2600	0.3334
510	1.0100	0.0100	1.0100	0.0100	0.0001
511	0.6767	0.5100	0.0100	0.3433	1.0001
512	0.6100	0.6767		0.0100	0.6667
513	0.6767	0.1767	0.3433		
514	0.7600	0.0100	0.0100	0.0100	0.6667
515	1.0100	0.0100	0.1767	0.0100	0.0001
516	1.0100	0.3433	0.5100	0.5100	0.3334
517	1.0100	0.5100	0.6767	0.0100	0.0001
518	0.2100	0.6767	0.3433	0.0100	0.6667
519	0.6100	0.6767	0.0100	0.0100	0.6667
520	0.3433	0.4100	0.2600	0.5100	1.0001
521	1.0100	0.5100	1.0100	0.0100	0.0001
522	1.0100	0.0100	0.0100	0.0100	0.0001
523	0.6767	0.2600	0.7600	0.0100	0.6667
524	1.0100	0.5814	0.3433	0.5100	0.3334
525	1.0100	0.5100	0.3433	0.6767	0.3334
526	0.5100	1.0100	0.0100	0.3433	1.0001
527	1.0100	0.2600	1.0100	0.5100	0.3334
528	1.0100	0.3433	0.6767	0.6100	0.3334
529	1.0100	0.6767	0.2600	0.3433	0.3334
530	0.5100	0.2100	0.0100	0.5100	1.0001
531	0.3433	0.2100	0.6767	1.0100	1.0001
532	1.0100	0.3433	0.0100		
533	1.0100	0.0100	0.5814	0.6767	0.3334
534	1.0100	0.0100	1.0100	0.0100	0.0001
535		1.0100		1.0100	
536	0.0100	0.6767	0.4100	0.6767	1.0001
537	1.0100	0.5100	0.5100	0.0100	0.0001
538	1.0100	1.0100	0.0100	0.0100	0.0001
540	0.5100	1.0100	0.6767	0.3433	1.0001
541	0.6767	0.5100	0.4100	0.0100	0.6667
542		0.7600	1.0100	0.6100	
543	1.0100	0.5100	0.5100	1.0100	0.3334
544	1.0100	0.3433	0.3433	0.2600	0.3334
545	0.0100	0.6767	0.7600	0.2100	1.0001
546	1.0100	1.0100	0.5100	0.5100	0.3334
547	1.0100	0.3433	0.6767	0.2600	0.3334
548	1.0100	1.0100	1.0100	0.2600	0.3334
549	1.0100	0.0100	0.4100	0.0100	0.0001
551		0.2600	0.8100	0.3433	
552	1.0100	0.4100	1.0100	0.2600	0.3334
553	0.7600	0.3433	0.1767	0.0100	0.6667
554	1.0100	0.6767	0.6767	0.4100	0.3334
555	0.6767	0.5100	0.2100	0.6767	1.0001
556	1.0100	1.0100	1.0100	1.0100	0.3334
557	1.0100	0.0100	0.0100	0.5100	0.3334
558	1.0100	1.0100	0.5100	0.0100	0.0001
559	1.0100	0.0100	0.0100	0.2600	0.3334
560	1.0100	0.5100	0.0100	0.0100	0.0001
561	0.8433	0.7600	0.0100	0.3433	1.0001
562	0.7600	0.6100	0.6767	1.0100	1.0001
563	0.8100	0.2100	0.0100	0.3433	1.0001
564	0.7243	0.5100		0.5100	1.0001
565	1.0100	0.0100	0.5100	0.2100	0.3334
566	1.0100	0.0100	0.2600	0.0100	0.0001
567	0.7600	0.5100	0.8671		
568	0.6767	0.2100	0.2600	0.0100	0.6667
569	0.6100	1.0100	0.8100	1.0100	1.0001
570	0.6767	0.0100	0.8100	0.0100	0.6667
571	0.8100	0.0100	0.3433		
572	1.0100	0.6767	0.8433	0.6767	0.3334
574	1.0100	0.0100	0.0100	0.0100	0.0001
575	0.3433	0.2600	0.5100	0.2600	1.0001
576	1.0100	1.0100	1.0100	1.0100	0.3334
577	1.0100	0.6767	1.0100	0.2100	0.3334
578	0.6767	0.6767	0.6767	0.7600	1.0001
579	1.0100	0.8100	1.0100	1.0100	0.3334
580	0.7600	0.0100	0.0100	0.0100	0.6667
